id,sum,m,cv,percent,percent_m,variable,variablename,base,category,profile,is_reliable,previous_sum,previous_m,previous_cv,previous_percent,previous_percent_m,previous_is_reliable,comparison_sum,comparison_m,comparison_cv,comparison_percent,comparison_percent_m,comparison_is_reliable,change_sum,change_m,change_significant,change_percent,change_percent_m,change_percentage_point,change_percentage_point_m,difference_sum,difference_m,significant,difference_percent,difference_percent_m
QXZnSEhTT09j,2.76,0.24,5.3,,,avghhsooc,AvgHHSOOc,mean,housing_tenure,housing,True,2.82,0.21,4.6,,,True,2.85,0.01,0.2,,,True,-0.06000000000000005,0.31890437438203945,False,,,,,-0.0900000000000003,0.24020824298928628,False,,
QXZnSEhTUk9j,2.5,0.6,14.6,,,avghhsroc,AvgHHSROc,mean,housing_tenure,housing,True,2.59,0.6,14.2,,,True,2.51,0.01,0.2,,,True,-0.08999999999999986,0.848528137423857,False,,,,,-0.009999999999999787,0.6000833275470999,False,,
Qmx0MDB0MDk=,708,172,14.8,0.083,0.02,blt00t09,Blt00t09,HU3,year_structure_built,housing,True,,0,,0,0,False,198788,2928,0.9,0.057,0.001,True,,,,,0.083,0.02,True,-198080,2933.047561837346,True,2.6000000000000005,2.0024984394500787,False
Qmx0MTBMdHI=,193,121,38.2,0.023,0.014,blt10ltr,Blt10Ltr,HU3,year_structure_built,housing,False,,0,,0,0,False,76678,1919,1.5,0.022,0.001,True,,,,,0.023,0.014,False,-76485,1922.8109631474438,True,0.10000000000000009,1.4035668847618201,False
Qmx0NDB0NDk=,706,168,14.5,0.083,0.02,blt40t49,Blt40t49,HU3,year_structure_built,housing,True,,0,,0,0,False,354913,3910,0.7,0.102,0.001,True,,,,,0.083,0.02,True,-354207,3913.607542919959,True,-1.8999999999999986,2.0024984394500787,False
Qmx0NTB0NTk=,1399,246,10.7,0.165,0.029,blt50t59,Blt50t59,HU3,year_structure_built,housing,True,,0,,0,0,False,450809,4111,0.6,0.13,0.001,True,,,,,0.165,0.029,True,-449410,4118.353675924398,True,3.5,2.901723625709382,False
Qmx0NjB0Njk=,1456,255,10.7,0.171,0.03,blt60t69,Blt60t69,HU3,year_structure_built,housing,True,,0,,0,0,False,440499,4325,0.6,0.127,0.001,True,,,,,0.171,0.03,True,-439043,4332.510819374835,True,4.400000000000002,3.0016662039607267,False
Qmx0NzB0Nzk=,629,159,15.4,0.074,0.019,blt70t79,Blt70t79,HU3,year_structure_built,housing,True,,0,,0,0,False,245191,3241,0.8,0.071,0.001,True,,,,,0.074,0.019,True,-244562,3244.897841227055,True,0.2999999999999998,1.9026297590440446,False
Qmx0ODB0ODk=,599,159,16.1,0.071,0.019,blt80t89,Blt80t89,HU3,year_structure_built,housing,True,,0,,0,0,False,164132,2906,1.1,0.047,0.001,True,,,,,0.071,0.019,True,-163533,2910.3465429395173,True,2.3999999999999995,1.9026297590440446,False
Qmx0OTB0OTk=,735,208,17.2,0.087,0.024,blt90t99,Blt90t99,HU3,year_structure_built,housing,True,,0,,0,0,False,127962,2842,1.4,0.037,0.001,True,,,,,0.087,0.024,True,-127227,2849.6013756313355,True,5,2.4020824298928627,False
Qmx0QmYzOQ==,2067,268,7.9,0.243,0.031,bltbf39,BltBf39,HU3,year_structure_built,housing,True,,0,,0,0,False,1413382,6785,0.3,0.407,0.002,True,,,,,0.243,0.031,True,-1411315,6790.29078906051,True,-16.399999999999995,3.1064449134018135,True
QnRSVlZFdGM=,0,0,,0,0,btrvvetc,BtRVVEtc,HU2,units_in_structure,housing,False,0,0,,0,0,False,1902,346,11.1,0.001,0.001,True,0,0,0,,,,-1902,346,True,-0.1,0.1,False
R1IxNWt0MTlr,509,170,20.3,0.235,0.069,gr15kt19k,GR15kt19k,OcHUPRnt1,gross_rent,housing,False,,0,,0,0,False,442539,4873,0.7,0.214,0.002,True,,,,,0.235,0.069,True,-442030,4875.964417425542,True,2.1000000000000014,6.902897942168927,False
R1Ixa3QxNGs=,852,242,17.2,0.393,0.093,gr1kt14k,GR1kt14k,OcHUPRnt1,gross_rent,housing,True,,0,,0,0,False,619998,5133,0.5,0.3,0.002,True,,,,,0.393,0.093,True,-619146,5138.701489676161,True,9.300000000000004,9.302150289046077,False
R1IyMGt0MjRr,436,196,27.3,0.201,0.084,gr20kt24k,GR20kt24k,OcHUPRnt1,gross_rent,housing,False,,0,,0,0,False,206669,2799,0.8,0.1,0.001,True,,,,,0.201,0.084,False,-206233,2805.854058927513,True,10.100000000000001,8.400595217006948,False
R1IyNWt0Mjlr,90,56,37.8,0.042,0.025,gr25kt29k,GR25kt29k,OcHUPRnt1,gross_rent,housing,False,,0,,0,0,False,102402,2683,1.6,0.05,0.001,True,,,,,0.042,0.025,False,-102312,2683.58435678851,True,-0.7999999999999998,2.5019992006393608,False
R1Iza3Bs,12,18,91.2,0.006,0.008,gr3kpl,GR3kpl,OcHUPRnt1,gross_rent,housing,False,,0,,0,0,False,147224,2968,1.2,0.071,0.001,True,,,,,0.006,0.008,False,-147212,2968.054581708362,True,-6.5,0.806225774829855,True
R1I1MDB0OTk5,248,123,30.1,0.114,0.054,gr500t999,GR500t999,OcHUPRnt1,gross_rent,housing,False,,0,,0,0,False,321465,3260,0.6,0.156,0.002,True,,,,,0.114,0.054,False,-321217,3262.319573554988,True,-4.199999999999999,5.403702434442518,False
R1Jub1JudFBk,106,65,37.2,,,grnorntpd,GRnoRntPd,NA,gross_rent,housing,False,196,114,35.4,,,False,59425,1926,2,,,True,-90,131.2288078129189,False,-0.45918367346938777,0.45708420150160145,False,,,-59319,1927.096520675599,True,,
R1JQSTE1dDE5,294,137,28.2,0.141,0.061,grpi15t19,GRPI15t19,OcHUPRnt2,gross_rent_as_a_percentage_of_household_income__grapi_,housing,False,325,124,23.2,0.184,0.064,False,222841,3644,1,0.111,0.002,True,-31,184.78365728602733,False,-0.09538461538461539,0.5448120167675905,False,-0.04300000000000001,0.08841379982785492,False,-222547,3646.574419917959,True,2.9999999999999982,6.103277807866851,False
R1JQSTIwdDI0,196,126,39,0.094,0.058,grpi20t24,GRPI20t24,OcHUPRnt2,gross_rent_as_a_percentage_of_household_income__grapi_,housing,False,260,113,26.5,0.147,0.06,False,228606,3500,0.9,0.113,0.002,True,-64,169.24833824885843,False,-0.24615384615384617,0.5849748224266995,False,-0.05299999999999999,0.08345058418010026,False,-228410,3502.267265643786,True,-1.9000000000000004,5.803447251418764,False
R1JQSTI1dDI5,212,126,36.1,0.101,0.058,grpi25t29,GRPI25t29,OcHUPRnt2,gross_rent_as_a_percentage_of_household_income__grapi_,housing,False,162,108,40.5,0.092,0.059,False,211796,3409,1,0.105,0.002,True,50,165.95180023127196,False,0.30864197530864196,1.1687894840676099,False,0.009000000000000008,0.08273451516749222,False,-211584,3411.3277473734474,True,-0.3999999999999986,5.803447251418764,False
R1JQSTMwdDM0,247,130,31.9,0.118,0.059,grpi30t34,GRPI30t34,OcHUPRnt2,gross_rent_as_a_percentage_of_household_income__grapi_,housing,False,167,93,33.9,0.094,0.051,False,188082,3046,1,0.093,0.001,True,80,159.84054554461454,False,0.47904191616766467,1.1333076822831682,False,0.023999999999999994,0.07798717843338095,False,-187835,3048.7728678929166,True,2.4999999999999982,5.900847396772772,False
R1JQSTM1cGw=,1026,265,15.7,0.49,0.101,grpi35pl,GRPI35pl,OcHUPRnt2,gross_rent_as_a_percentage_of_household_income__grapi_,housing,True,766,216,17.2,0.433,0.102,True,889842,5729,0.4,0.442,0.003,True,260,341.8786334359022,False,0.3394255874673629,0.5121899338847142,False,0.056999999999999995,0.14354441821262157,False,-888816,5735.125630707666,True,4.799999999999997,10.104454463255305,False
R1JQSTUwcGw=,748,232,18.9,0.358,0.096,grpi50pl,GRPI50pl,OcHUPRnt2,gross_rent_as_a_percentage_of_household_income__grapi_,housing,True,553,204,22.4,0.313,0.104,False,584722,5029,0.5,0.29,0.002,True,195,308.93364983439403,False,0.352622061482821,0.6519083132712907,False,0.044999999999999984,0.14153444810363305,False,-583974,5034.34851793159,True,6.800000000000001,9.602083107326242,False
R1JQSU50Qw==,182,97,32.4,,,grpintc,GRPINtC,NA,gross_rent_as_a_percentage_of_household_income__grapi_,housing,False,196,114,35.4,,,False,109433,2779,1.5,,,True,-14,149.68299836654796,False,-0.07142857142857142,0.7325424617695812,False,,,-109251,2780.692359826955,True,,
R1JQSVUxNQ==,117,65,33.9,0.056,0.03,grpiu15,GRPIU15,OcHUPRnt2,gross_rent_as_a_percentage_of_household_income__grapi_,housing,False,89,55,37.8,0.05,0.03,False,273663,4314,1,0.136,0.002,True,28,85.14693182963201,False,0.3146067415730337,1.092420168203405,False,0.005999999999999998,0.042426406871192854,False,-273546,4314.4896569582825,True,-8,3.0066592756745814,False
R1JVNTAw,21,32,92.6,0.01,0.015,gru500,GRU500,OcHUPRnt1,gross_rent,housing,False,,0,,0,0,False,224541,3382,0.9,0.109,0.002,True,,,,,0.01,0.015,False,-224520,3382.1513863220257,True,-9.9,1.5132745950421556,True
SE9WYWNSdA==,2.1,1.5,42.3,,,hovacrt,HOVacRt,rate,housing_occupancy,housing,False,2.6,1.5,34.5,,,False,1.8,0.1,3.4,,,True,-0.5,2.1213203435596424,False,,,,,0.30000000000000004,1.5033296378372907,False,,
SE9WYWNV,5681,326,3.5,0,0,hovacu,HOVacU,HOVacRt,housing__special_variable,housing,True,6099,292,,0,0,False,1065868,7322,0.4,0,0,True,-418,437.65283044897586,False,-0.06853582554517133,0.06961180325315663,False,0,0,-1060187,7329.253713714651,True,0,0
SFUx,8492,195,1.4,1,0,hu1,HU1,HU1,housing_occupancy,housing,True,8329,202,1.5,1,0,True,3472354,1104,0,1,0,True,163,280.7650263120391,False,0.019570176491775722,0.03405240472342551,False,0,0,-3463862,1121.0892025169094,True,0,0
SFUxMHQxOXU=,76,73,58.3,0.009,0.009,hu10t19u,HU10t19u,HU2,units_in_structure,housing,False,19,22,71.9,0.002,0.003,False,219295,3425,0.9,0.063,0.001,True,57,76.24303246854758,False,3,6.017748449286657,False,0.006999999999999999,0.009486832980505138,False,-219219,3425.7778678717627,True,-5.4,0.9055385138137416,True
SFUxdUE=,1773,219,7.5,0.209,0.025,hu1ua,HU1uA,HU2,units_in_structure,housing,True,2006,284,8.6,0.241,0.034,True,238949,3015,0.8,0.069,0.001,True,-233,358.63212349146863,False,-0.11615154536390827,0.16606149449715865,False,-0.032,0.04220189569201839,False,-237176,3022.943267744203,True,13.999999999999998,2.5019992006393608,True
SFUxdUQ=,4142,323,4.7,0.488,0.036,hu1ud,HU1uD,HU2,units_in_structure,housing,True,3765,320,5.2,0.452,0.037,True,319905,2742,0.5,0.092,0.001,True,377,454.67460892378847,False,0.100132802124834,0.12689739395653732,False,0.035999999999999976,0.05162363799656122,False,-315763,2760.9587103033614,True,39.599999999999994,3.601388621073821,True
SFUy,8492,195,1.4,1,0,hu2,HU2,HU2,units_in_structure,housing,True,8329,202,1.5,1,0,True,3472354,1104,0,1,0,True,163,280.7650263120391,False,0.019570176491775722,0.03405240472342551,False,0,0,-3463862,1121.0892025169094,True,0,0
SFUyMHBsdQ==,344,101,17.8,0.041,0.012,hu20plu,HU20plu,HU2,units_in_structure,housing,True,436,126,17.6,0.052,0.015,True,1667213,4900,0.2,0.48,0.001,True,-92,161.48374531202822,False,-0.21100917431192662,0.32504065351022265,False,-0.010999999999999996,0.019209372712298545,False,-1666869,4901.040807828476,True,-43.9,1.2041594578792296,True
SFUydQ==,1971,279,8.6,0.232,0.032,hu2u,HU2u,HU2,units_in_structure,housing,True,1560,264,10.3,0.187,0.031,True,458656,4817,0.6,0.132,0.001,True,411,384.1054542700481,False,0.26346153846153847,0.278753424224894,False,0.04500000000000001,0.044553338819890924,False,-456685,4825.073056441736,True,10.000000000000002,3.2015621187164247,True
SFUz,8492,195,1.4,1,0,hu3,HU3,HU3,year_structure_built,housing,True,,0,,0,0,False,3472354,1104,0,1,0,True,,,,,1,0,True,-3463862,1121.0892025169094,True,0,0
SFUzdDR1,133,70,32,0.016,0.008,hu3t4u,HU3t4u,HU2,units_in_structure,housing,False,492,154,19.1,0.059,0.018,True,333505,3795,0.7,0.096,0.001,True,-359,169.162643630324,False,-0.7296747967479674,0.16553581837879502,True,-0.043,0.01969771560359221,False,-333372,3795.6455313951537,True,-8,0.806225774829855,True
SFU0,8492,195,1.4,1,0,hu4,HU4,HU4,rooms,housing,True,8329,202,1.5,1,0,True,3472354,1104,0,1,0,True,163,280.7650263120391,False,0.019570176491775722,0.03405240472342551,False,0,0,-3463862,1121.0892025169094,True,0,0
SFU1dDl1,53,51,58.5,0.006,0.006,hu5t9u,HU5t9u,HU2,units_in_structure,housing,False,29,28,57.7,0.003,0.003,False,228415,3185,0.8,0.066,0.001,True,24,58.180752831155424,False,0.8275862068965517,2.491272741644544,False,0.003,0.00670820393249937,False,-228362,3185.408294080996,True,-6.000000000000001,0.6082762530298219,True
SFVub01ydGcx,2042,248,7.4,0.37,0.04,hunomrtg1,HUnoMrtg1,OOcHU3,mortgage_status,housing,True,1913,252,8,0.322,0.04,True,422629,4549,0.7,0.41,0.003,True,129,353.5647041207592,False,0.06743335075797177,0.19125492194703053,False,0.04799999999999999,0.0565685424949238,False,-420587,4555.755151454037,True,-4,4.011234224026316,False
SFVub01ydGcy,2042,248,7.4,1,0,hunomrtg2,HUnoMrtg2,HUnoMrtg2,selected_monthly_owner_costs_as_a_percentage_of_household_income__smocapi_,housing,True,1892,250,8,1,0,True,416370,4562,0.7,1,0,True,150,352.14201680572,False,0.07928118393234672,0.19369935716341685,False,0,0,-414328,4568.7359302108935,True,0,0
SFV3TXJ0Zw==,3473,286,5,0.63,0.038,huwmrtg,HUwMrtg,OOcHU3,mortgage_status,housing,True,4028,316,4.8,0.678,0.043,True,607211,5367,0.5,0.59,0.003,True,-555,426.20652270935506,False,-0.137785501489573,0.09806523088551924,False,-0.04800000000000004,0.05738466694161429,False,-603738,5374.61486992324,True,4,3.8118237105091834,False
SFV3TXJ0Z0V4,3465,287,5,1,0,huwmrtgex,HUwMrtgEx,HUwMrtgEx,selected_monthly_owner_costs_as_a_percentage_of_household_income__smocapi_,housing,True,4019,316,4.8,1,0,True,603062,5350,0.5,1,0,True,-554,426.8782027698299,False,-0.1378452351331177,0.09846190437448388,False,0,0,-599597,5357.692507040694,True,0,0
TWRHUg==,1479,157,6.4,,,mdgr,MdGR,median,gross_rent,housing,True,1457,120,5,,,True,1396,4,0.2,,,True,22,197.60819821049935,False,0.015099519560741249,0.1363855436274568,False,,,83,157.05094714773293,False,,
TWRSbXM=,5.4,0.2,2.5,,,mdrms,MdRms,median,rooms,housing,True,5.5,0.2,2.2,,,True,4,0.1,1.5,,,True,-0.09999999999999964,0.28284271247461906,False,,,,,1.4000000000000004,0.223606797749979,True,,
TWRWbA==,458621,18598,2.5,,,mdvl,MdVl,median,value,housing,True,526890,16911,2,,,True,570500,2845,0.3,,,True,-68269,25136.97525558714,False,-0.129569739414299,0.045015726710028466,False,,,-111879,18814.34636122127,True,,
TW9iSG0=,0,0,,0,0,mobhm,MobHm,HU2,units_in_structure,housing,False,22,34,93.9,0.003,0.004,False,4514,450,6.1,0.001,0.001,True,-22,34,False,-1,0,True,-0.003,0.004,False,-4514,450,True,-0.1,0.1,False
TXYwMHQwOQ==,1946,265,8.3,0.25,0.033,mv00t09,Mv00t09,OcHU3,year_householder_moved_into_unit,housing,True,,0,,0,0,False,830839,6308,0.5,0.263,0.002,True,,,,,0.25,0.033,True,-828893,6313.563890545498,True,-1.3000000000000007,3.306055050963308,False
TXYxMEx0cg==,2755,399,8.8,0.354,0.05,mv10ltr,Mv10Ltr,OcHU3,year_householder_moved_into_unit,housing,True,,0,,0,0,False,1341699,7655,0.3,0.425,0.002,True,,,,,0.354,0.05,True,-1338944,7665.391444668693,True,-7.100000000000001,5.0039984012787215,False
TXY4MHQ4OQ==,,0,,0,0,mv80t89,Mv80t89,OcHU3,year_householder_moved_into_unit,housing,False,,0,,0,0,False,,0,,0,0,False,,,,,0,0,,,0,0
TXY5MHQ5OQ==,1371,210,9.3,0.176,0.026,mv90t99,Mv90t99,OcHU3,year_householder_moved_into_unit,housing,True,,0,,0,0,False,460385,4845,0.6,0.146,0.001,True,,,,,0.176,0.026,True,-459014,4849.548948098163,True,2.9999999999999982,2.6019223662515376,False
TXZCZjc5,,0,,0,0,mvbf79,MvBf79,OcHU3,year_householder_moved_into_unit,housing,False,,0,,0,0,False,,0,,0,0,False,,,,,0,0,,,0,0
TXZCZjg5,1717,209,7.4,0.22,0.026,mvbf89,MvBf89,OcHU3,year_householder_moved_into_unit,housing,True,,0,,0,0,False,521180,4786,0.6,0.165,0.001,True,,,,,0.22,0.026,True,-519463,4790.561240606366,True,5.5,2.6019223662515376,False
Tk1TTVAxMDE0,422,123,17.7,0.207,0.055,nmsmp1014,NMSMP1014,HUnoMrtg2,selected_monthly_owner_costs_as_a_percentage_of_household_income__smocapi_,housing,True,374,119,19.4,0.198,0.057,True,61830,1682,1.7,0.148,0.004,True,48,171.14321488157222,False,0.12834224598930483,0.4868819157604786,False,0.00899999999999998,0.0792085853932514,False,-61408,1686.4913281721908,True,5.9,5.514526271584895,False
Tk1TTVAxNTE5,257,92,21.7,0.126,0.042,nmsmp1519,NMSMP1519,HUnoMrtg2,selected_monthly_owner_costs_as_a_percentage_of_household_income__smocapi_,housing,False,357,126,21.4,0.189,0.062,False,40494,1193,1.8,0.097,0.003,True,-100,156.01281998605114,False,-0.2801120448179272,0.36189302273701235,False,-0.063,0.07488658090739622,False,-40237,1196.5421012233544,True,2.8999999999999986,4.21070065428546,False
Tk1TTVAyMDI0,58,39,40.8,0.028,0.019,nmsmp2024,NMSMP2024,HUnoMrtg2,selected_monthly_owner_costs_as_a_percentage_of_household_income__smocapi_,housing,False,138,66,29,0.073,0.033,False,28114,1114,2.4,0.068,0.002,True,-80,76.66159403508382,False,-0.5797101449275363,0.34680249124104584,False,-0.045,0.03807886552931954,False,-28056,1114.6824659964827,True,-4,1.91049731745428,False
Tk1TTVAyNTI5,116,59,31,0.057,0.028,nmsmp2529,NMSMP2529,HUnoMrtg2,selected_monthly_owner_costs_as_a_percentage_of_household_income__smocapi_,housing,False,157,87,33.7,0.083,0.045,False,20385,1033,3.1,0.049,0.002,True,-41,105.11898020814318,False,-0.2611464968152866,0.555746670167523,False,-0.026000000000000002,0.053,False,-20269,1034.6835264949375,True,0.7999999999999998,2.8071337695236402,False
Tk1TTVAzMDM0,84,58,42.1,0.041,0.028,nmsmp3034,NMSMP3034,HUnoMrtg2,selected_monthly_owner_costs_as_a_percentage_of_household_income__smocapi_,housing,False,128,72,34.4,0.068,0.037,False,16215,837,3.1,0.039,0.002,True,-44,92.45539465060976,False,-0.34375,0.5844545034905544,False,-0.027000000000000003,0.04640043103248072,False,-16131,839.0071513402016,True,0.20000000000000062,2.8071337695236402,False
Tk1TTVAzNXBs,400,128,19.4,0.196,0.058,nmsmp35pl,NMSMP35pl,HUnoMrtg2,selected_monthly_owner_costs_as_a_percentage_of_household_income__smocapi_,housing,True,330,116,21.3,0.174,0.057,False,78141,1841,1.4,0.188,0.004,True,70,172.74258305351347,False,0.21212121212121213,0.5761885490613097,False,0.02200000000000002,0.0813203541556479,False,-77741,1845.4443909259362,True,0.8000000000000007,5.813776741499454,False
Tk1TTVBOdEM=,0,0,,,,nmsmpntc,NMSMPNtC,NA,selected_monthly_owner_costs_as_a_percentage_of_household_income__smocapi_,housing,False,21,33,95.5,,,False,6259,564,5.5,,,True,-21,33,False,-1,0,True,,,-6259,564,True,,
Tk1TTVBVMTA=,705,155,13.4,0.345,0.063,nmsmpu10,NMSMPU10,HUnoMrtg2,selected_monthly_owner_costs_as_a_percentage_of_household_income__smocapi_,housing,True,408,125,18.7,0.216,0.06,True,171191,2946,1,0.411,0.005,True,297,199.12307751739877,False,0.7279411764705882,0.6516005177363487,False,0.12899999999999998,0.08700000000000001,False,-170486,2950.0747448157986,True,-6.599999999999994,6.319810123729984,False
Tm9WaGNsQXY=,1163,252,13.2,0.149,0.032,novhclav,NoVhclAv,OcHU4,vehicles_available,housing,True,798,175,13.3,0.101,0.022,True,1721745,6312,0.2,0.546,0.002,True,365,306.80449801135575,False,0.4573934837092732,0.4492990123415219,False,0.04799999999999999,0.0388329756778952,False,-1720582,6317.028415323141,True,-39.7,3.2062439083762797,True
T2NIVTE=,7789,268,2.1,0.917,0.024,ochu1,OcHU1,HU1,housing_occupancy,housing,True,7906,246,1.9,0.949,0.019,True,3154103,5930,0.1,0.908,0.002,True,-117,363.78565117387467,False,-0.014798886921325576,0.0457037439090445,False,-0.03199999999999992,0.030610455730027936,False,-3146314,5936.052897338433,True,0.9000000000000057,2.4083189157584592,False
T2NIVTI=,7789,268,2.1,1,0,ochu2,OcHU2,OcHU2,housing_tenure,housing,True,7906,246,1.9,1,0,True,3154103,5930,0.1,1,0,True,-117,363.78565117387467,False,-0.014798886921325576,0.0457037439090445,False,0,0,-3146314,5936.052897338433,True,0,0
T2NIVTM=,7789,268,2.1,1,0,ochu3,OcHU3,OcHU3,year_householder_moved_into_unit,housing,True,,0,,0,0,False,3154103,5930,0.1,1,0,True,,,,,1,0,True,-3146314,5936.052897338433,True,0,0
T2NIVTQ=,7789,268,2.1,1,0,ochu4,OcHU4,OcHU4,vehicles_available,housing,True,7906,246,1.9,1,0,True,3154103,5930,0.1,1,0,True,-117,363.78565117387467,False,-0.014798886921325576,0.0457037439090445,False,0,0,-3146314,5936.052897338433,True,0,0
T2NIVTU=,7789,268,2.1,1,0,ochu5,OcHU5,OcHU5,occupants_per_room,housing,True,7906,246,1.9,1,0,True,3154103,5930,0.1,1,0,True,-117,363.78565117387467,False,-0.014798886921325576,0.0457037439090445,False,0,0,-3146314,5936.052897338433,True,0,0
T2NIVVBSbnQx,2168,341,9.6,1,0,ochuprnt1,OcHUPRnt1,OcHUPRnt1,gross_rent,housing,True,1769,278,9.5,1,0,True,2064838,5484,0.2,1,0,True,399,439.9602254749854,False,0.2255511588468061,0.27249124749873954,False,0,0,-2062670,5494.591613577846,True,0,0
T2NIVVBSbnQy,2092,329,9.6,1,0,ochuprnt2,OcHUPRnt2,OcHUPRnt2,gross_rent_as_a_percentage_of_household_income__grapi_,housing,True,1769,278,9.5,1,0,True,2014830,5642,0.2,1,0,True,323,430.7261310856354,False,0.18258903335217638,0.2629205265917497,False,0,0,-2012738,5651.584291152349,True,0,0
T2NQUjB0MQ==,7493,291,2.4,0.962,0.017,ocpr0t1,OcPR0t1,OcHU5,occupants_per_room,housing,True,7750,263,2.1,0.98,0.013,True,2869497,6842,0.1,0.91,0.001,True,-257,392.23717314910374,False,-0.033161290322580646,0.049863680404837754,False,-0.018000000000000016,0.0214009345590327,False,-2862004,6848.185526108357,True,5.200000000000003,1.7029386365926402,True
T2NQUjFwNXBs,54,62,70.3,0.007,0.008,ocpr1p5pl,OcPR1p5pl,OcHU5,occupants_per_room,housing,False,0,0,,0,0,False,111644,2464,1.3,0.035,0.001,True,54,62,False,0,,0.007,0.008,False,-111590,2464.7799090385333,True,-2.8000000000000003,0.806225774829855,True
T2NQUjFwbA==,296,157,32.2,0.038,0.02,ocpr1pl,OcPR1pl,OcHU5,occupants_per_room,housing,False,156,94,36.6,0.02,0.012,False,284606,3868,0.8,0.09,0.001,True,140,182.98907071188705,False,0.8974358974358975,1.5231735559000539,False,0.018,0.0233238075793812,False,-284310,3871.184960706476,True,-5.2,2.0024984394500787,False
T09jSFUx,5515,309,3.4,0.708,0.031,oochu1,OOcHU1,OcHU2,housing_tenure,housing,True,5941,278,2.8,0.751,0.026,True,1029840,7102,0.4,0.327,0.002,True,-426,415.6500932274646,False,-0.07170510015148965,0.06776475779329949,False,-0.04300000000000004,0.04045985664828782,False,-1024325,7108.718942256755,True,38.099999999999994,3.1064449134018135,True
T09jSFUy,5515,309,3.4,1,0,oochu2,OOcHU2,OOcHU2,value,housing,True,5941,278,2.8,1,0,True,1029840,7102,0.4,1,0,True,-426,415.6500932274646,False,-0.07170510015148965,0.06776475779329949,False,0,0,-1024325,7108.718942256755,True,0,0
T09jSFUz,5515,309,3.4,1,0,oochu3,OOcHU3,OOcHU3,mortgage_status,housing,True,5941,278,2.8,1,0,True,1029840,7102,0.4,1,0,True,-426,415.6500932274646,False,-0.07170510015148965,0.06776475779329949,False,0,0,-1024325,7108.718942256755,True,0,0
T09jSFU0,5515,309,3.4,0,0,oochu4,OOcHU4,AvgHHSOOc,housing__special_variable,housing,True,5941,278,,0,0,False,1029840,7102,0.4,0,0,True,-426,415.6500932274646,False,-0.07170510015148965,0.06776475779329949,False,0,0,-1024325,7108.718942256755,True,0,0
T09jSFU1,5515,309,3.4,0.012,0,oochu5,OOcHU5,MdVl,housing__special_variable,housing,True,5941,0,,0,0,False,1029840,7102,0.4,0,0,True,-426,309,False,-0.07170510015148965,0.05201144588453122,False,0.012,0,True,-1024325,7108.718942256755,True,1.2,0,True
T1YxMDB0MTI0,27,25,57.3,0,0,ov100t124,OV100t124,MdVl,housing__special_variable,housing,False,33,0,,0,0,False,13231,0,,0,0,False,-6,25,False,-0.18181818181818182,0.7575757575757576,False,0,0,-13204,25,True,0,0
T1YxMjV0MTQ5,18,22,74.1,0,0,ov125t149,OV125t149,MdVl,housing__special_variable,housing,False,44,0,,0,0,False,7768,0,,0,0,False,-26,22,False,-0.5909090909090909,0.5000000000000001,False,0,0,-7750,22,True,0,0
T1YxNTB0MTc0,64,45,42.3,0,0,ov150t174,OV150t174,MdVl,housing__special_variable,housing,False,55,0,,0,0,False,15896,0,,0,0,False,9,45,False,0.16363636363636364,0.8181818181818181,False,0,0,-15832,45,True,0,0
T1YxNTB0MTk5bQ==,0,0,,0,0,ov150t199m,OV150t199m,MdVl,housing__special_variable,housing,False,,0,,0,0,False,32941,0,,0,0,False,,,,,0,0,-32941,0,True,0,0
T1YxNzV0MTk5,64,45,42.4,0,0,ov175t199,OV175t199,MdVl,housing__special_variable,housing,False,61,0,,0,0,False,11331,0,,0,0,False,3,45,False,0.04918032786885246,0.7377049180327869,False,0,0,-11267,45,True,0,0
T1YxbWlscGw=,,0,,0,0,ov1milpl,OV1milpl,MdVl,housing__special_variable,housing,False,28,0,,0,0,False,,0,,0,0,False,,,,,0,0,,,0,0
T1YxdDE0OW0=,58,49,51,0,0,ov1t149m,OV1t149m,MdVl,housing__special_variable,housing,False,,0,,0,0,False,83619,0,,0,0,False,,,,,0,0,-83561,49,True,0,0
T1YyMDB0MjQ5,119,61,31.2,0,0,ov200t249,OV200t249,MdVl,housing__special_variable,housing,False,186,0,,0,0,False,35377,0,,0,0,False,-67,61,False,-0.3602150537634409,0.3279569892473118,False,0,0,-35258,61,True,0,0
T1YyNTB0Mjk5,158,68,26.2,0,0,ov250t299,OV250t299,MdVl,housing__special_variable,housing,False,323,0,,0,0,False,38906,0,,0,0,False,-165,68,False,-0.5108359133126935,0.21052631578947367,False,0,0,-38748,68,True,0,0
T1YybWlscGw=,34,52,93,0,0,ov2milpl,OV2milpl,MdVl,housing__special_variable,housing,False,,0,,0,0,False,67179,0,,0,0,False,,,,,0,0,-67145,52,True,0,0
T1YzMDB0Mzk5,1169,224,11.6,0.003,0,ov300t399,OV300t399,MdVl,housing__special_variable,housing,True,906,0,,0,0,False,120392,0,,0,0,False,263,224,False,0.2902869757174393,0.24724061810154527,False,0.003,0,True,-119223,224,True,0.3,0,True
T1Y0MDB0NDk5,1676,252,9.1,0.004,0.001,ov400t499,OV400t499,MdVl,housing__special_variable,housing,True,2208,0,,0,0,False,148171,0,,0,0,False,-532,252,False,-0.24094202898550723,0.1141304347826087,False,0.004,0.001,True,-146495,252,True,0.4,0.1,True
T1Y1MDB0NzQ5,1612,203,7.7,0.004,0,ov500t749,OV500t749,MdVl,housing__special_variable,housing,True,1776,0,,0,0,False,268532,0,,0,0,False,-164,203,False,-0.09234234234234234,0.1143018018018018,False,0.004,0,True,-266920,203,True,0.4,0,True
T1Y3NTB0OTk5,360,127,21.4,0.001,0,ov750t999,OV750t999,MdVl,housing__special_variable,housing,False,206,0,,0,0,False,138421,0,,0,0,False,154,127,False,0.7475728155339806,0.616504854368932,False,0.001,0,True,-138061,127,True,0.1,0,True
T1ZsMTB0MTQ=,0,0,,0,0,ovl10t14,OVl10t14,MdVl,housing__special_variable,housing,False,0,0,,0,0,False,2917,0,,0,0,False,0,0,0,,,,-2917,0,True,0,0
T1ZsMTV0MTk=,0,0,,0,0,ovl15t19,OVl15t19,MdVl,housing__special_variable,housing,False,16,0,,0,0,False,4013,0,,0,0,False,-16,0,True,-1,0,True,0,0,-4013,0,True,0,0
T1ZsMjB0MjQ=,0,0,,0,0,ovl20t24,OVl20t24,MdVl,housing__special_variable,housing,False,18,0,,0,0,False,3874,0,,0,0,False,-18,0,True,-1,0,True,0,0,-3874,0,True,0,0
T1ZsMjV0Mjk=,0,0,,0,0,ovl25t29,OVl25t29,MdVl,housing__special_variable,housing,False,0,0,,0,0,False,2288,0,,0,0,False,0,0,0,,,,-2288,0,True,0,0
T1ZsMzB0MzQ=,9,15,101.3,0,0,ovl30t34,OVl30t34,MdVl,housing__special_variable,housing,False,0,0,,0,0,False,3079,0,,0,0,False,9,15,False,0,,0,0,-3070,15,True,0,0
T1ZsMzV0Mzk=,0,0,,0,0,ovl35t39,OVl35t39,MdVl,housing__special_variable,housing,False,9,0,,0,0,False,2086,0,,0,0,False,-9,0,True,-1,0,True,0,0,-2086,0,True,0,0
T1ZsNDB0NDk=,28,26,56.4,0,0,ovl40t49,OVl40t49,MdVl,housing__special_variable,housing,False,36,0,,0,0,False,3477,0,,0,0,False,-8,26,False,-0.2222222222222222,0.7222222222222222,False,0,0,-3449,26,True,0,0
T1ZsNTB0NTk=,39,39,60.8,0,0,ovl50t59,OVl50t59,MdVl,housing__special_variable,housing,False,0,0,,0,0,False,3873,0,,0,0,False,39,39,False,0,,0,0,-3834,39,True,0,0
T1ZsNjB0Njk=,0,0,,0,0,ovl60t69,OVl60t69,MdVl,housing__special_variable,housing,False,7,0,,0,0,False,2754,0,,0,0,False,-7,0,True,-1,0,True,0,0,-2754,0,True,0,0
T1ZsNzB0Nzk=,0,0,,0,0,ovl70t79,OVl70t79,MdVl,housing__special_variable,housing,False,0,0,,0,0,False,2338,0,,0,0,False,0,0,0,,,,-2338,0,True,0,0
T1ZsODB0ODk=,0,0,,0,0,ovl80t89,OVl80t89,MdVl,housing__special_variable,housing,False,16,0,,0,0,False,2670,0,,0,0,False,-16,0,True,-1,0,True,0,0,-2670,0,True,0,0
T1ZsOTB0OTk=,0,0,,0,0,ovl90t99,OVl90t99,MdVl,housing__special_variable,housing,False,0,0,,0,0,False,2976,0,,0,0,False,0,0,0,,,,-2976,0,True,0,0
T1ZsVTEw,80,57,43.1,0,0,ovlu10,OVlU10,MdVl,housing__special_variable,housing,False,13,0,,0,0,False,11731,0,,0,0,False,67,57,False,5.153846153846154,4.384615384615385,False,0,0,-11651,57,True,0,0
UG9wT09jSFU=,15205,1013,4.1,0,0,popoochu,PopOOcHU,AvgHHSOOc,housing__special_variable,housing,True,16757,1007,,0,0,False,2939232,19664,0.4,0,0,True,-1552,1428.3619989344438,False,-0.09261801038372024,0.08141155353713339,False,0,0,-2924027,19690.075291882455,True,0,0
UG9wUnRPY0hV,5693,1067,11.4,0,0,poprtochu,PopRtOcHU,AvgHHSROc,housing__special_variable,housing,True,5089,905,,0,0,False,5327412,19698,0.2,0,0,True,604,1399.111861146206,False,0.1186873649046964,0.2890298554990633,False,0,0,-5321719,19726.877426496063,True,0,0
UjEwMHQxNDk=,0,0,,0,0,r100t149,R100t149,MdGR,housing__special_variable,housing,False,0,0,,0,0,False,5502,0,,0,0,False,0,0,0,,,,-5502,0,True,0,0
UjEyNTB0MXA1,461,193,25.4,0.312,0.126,r1250t1p5,R1250t1p5,MdGR,housing__special_variable,housing,False,480,0,,0,0,False,319740,0,,0,0,False,-19,193,False,-0.03958333333333333,0.40208333333333335,False,0.312,0.126,False,-319279,193,True,31.2,12.6,False
UjE1MHQxOTk=,0,0,,0,0,r150t199,R150t199,MdGR,housing__special_variable,housing,False,0,0,,0,0,False,10787,0,,0,0,False,0,0,0,,,,-10787,0,True,0,0
UjFrdDEyNDk=,391,174,27.1,0.264,0.115,r1kt1249,R1kt1249,MdGR,housing__special_variable,housing,False,493,0,,0,0,False,300258,0,,0,0,False,-102,174,False,-0.20689655172413793,0.35294117647058826,False,0.264,0.115,False,-299867,174,True,26.400000000000002,11.5,False
UjFwNXQxOTk5,509,170,20.3,0.344,0.109,r1p5t1999,R1p5t1999,MdGR,housing__special_variable,housing,False,330,0,,0,0,False,442539,0,,0,0,False,179,170,False,0.5424242424242425,0.5151515151515151,False,0.344,0.109,True,-442030,170,True,34.4,10.9,True
UjIwMDBwbA==,,0,,0,0,r2000pl,R2000pl,MdGR,housing__special_variable,housing,False,99,0,,0,0,False,,0,,0,0,False,,,,,0,0,,,0,0
UjIwMHQyNDk=,0,0,,0,0,r200t249,R200t249,MdGR,housing__special_variable,housing,False,0,0,,0,0,False,45910,0,,0,0,False,0,0,0,,,,-45910,0,True,0,0
UjI1MHQyOTk=,0,0,,0,0,r250t299,R250t299,MdGR,housing__special_variable,housing,False,0,0,,0,0,False,45125,0,,0,0,False,0,0,0,,,,-45125,0,True,0,0
UjJrdDI0OTk=,436,196,27.3,0.295,0.129,r2kt2499,R2kt2499,MdGR,housing__special_variable,housing,False,,0,,0,0,False,206669,0,,0,0,False,,,,,0.295,0.129,False,-206233,196,True,29.5,12.9,False
UjJwNXQyOTk5,90,56,37.8,0.061,0.037,r2p5t2999,R2p5t2999,MdGR,housing__special_variable,housing,False,,0,,0,0,False,102402,0,,0,0,False,,,,,0.061,0.037,False,-102312,56,True,6.1,3.6999999999999997,False
UjMwMHQzNDk=,0,0,,0,0,r300t349,R300t349,MdGR,housing__special_variable,housing,False,0,0,,0,0,False,33082,0,,0,0,False,0,0,0,,,,-33082,0,True,0,0
UjM1MDBwbA==,12,18,91.2,0.008,0.012,r3500pl,R3500pl,MdGR,housing__special_variable,housing,False,,0,,0,0,False,75693,0,,0,0,False,,,,,0.008,0.012,False,-75681,18,True,0.8,1.2,False
UjM1MHQzOTk=,0,0,,0,0,r350t399,R350t399,MdGR,housing__special_variable,housing,False,0,0,,0,0,False,28881,0,,0,0,False,0,0,0,,,,-28881,0,True,0,0
UjNrdDM0OTk=,0,0,,0,0,r3kt3499,R3kt3499,MdGR,housing__special_variable,housing,False,,0,,0,0,False,71531,0,,0,0,False,,,,,0,0,-71531,0,True,0,0
UjQwMHQ0NDk=,0,0,,0,0,r400t449,R400t449,MdGR,housing__special_variable,housing,False,0,0,,0,0,False,27143,0,,0,0,False,0,0,0,,,,-27143,0,True,0,0
UjQ1MHQ0OTk=,21,32,92.6,0.014,0.022,r450t499,R450t499,MdGR,housing__special_variable,housing,False,11,0,,0,0,False,24808,0,,0,0,False,10,32,False,0.9090909090909091,2.909090909090909,False,0.014,0.022,False,-24787,32,True,1.4000000000000001,2.1999999999999997,False
UjUwMHQ1NDk=,21,33,95.5,0.014,0.022,r500t549,R500t549,MdGR,housing__special_variable,housing,False,0,0,,0,0,False,25042,0,,0,0,False,21,33,False,0,,0.014,0.022,False,-25021,33,True,1.4000000000000001,2.1999999999999997,False
UjU1MHQ1OTk=,0,0,,0,0,r550t599,R550t599,MdGR,housing__special_variable,housing,False,14,0,,0,0,False,21884,0,,0,0,False,-14,0,True,-1,0,True,0,0,-21884,0,True,0,0
UjYwMHQ2NDk=,8,12,91.2,0.005,0.008,r600t649,R600t649,MdGR,housing__special_variable,housing,False,0,0,,0,0,False,26207,0,,0,0,False,8,12,False,0,,0.005,0.008,False,-26199,12,True,0.5,0.8,False
UjY1MHQ2OTk=,23,28,74.5,0.016,0.019,r650t699,R650t699,MdGR,housing__special_variable,housing,False,29,0,,0,0,False,24542,0,,0,0,False,-6,28,False,-0.20689655172413793,0.9655172413793104,False,0.016,0.019,False,-24519,28,True,1.6,1.9,False
UjcwMHQ3NDk=,7,12,104.2,0.005,0.008,r700t749,R700t749,MdGR,housing__special_variable,housing,False,94,0,,0,0,False,30651,0,,0,0,False,-87,12,True,-0.925531914893617,0.1276595744680851,True,0.005,0.008,False,-30644,12,True,0.5,0.8,False
Ujc1MHQ3OTk=,31,43,85.1,0.021,0.029,r750t799,R750t799,MdGR,housing__special_variable,housing,False,28,0,,0,0,False,29122,0,,0,0,False,3,43,False,0.10714285714285714,1.5357142857142858,False,0.021,0.029,False,-29091,43,True,2.1,2.9000000000000004,False
UjgwMHQ4OTk=,53,54,61.7,0.036,0.036,r800t899,R800t899,MdGR,housing__special_variable,housing,False,76,0,,0,0,False,72067,0,,0,0,False,-23,54,False,-0.3026315789473684,0.7105263157894737,False,0.036,0.036,False,-72014,54,True,3.5999999999999996,3.5999999999999996,False
UjkwMHQ5OTk=,105,92,53.1,0.071,0.062,r900t999,R900t999,MdGR,housing__special_variable,housing,False,115,0,,0,0,False,91950,0,,0,0,False,-10,92,False,-0.08695652173913043,0.7999999999999998,False,0.071,0.062,False,-91845,92,True,7.1,6.2,False
Um1zMQ==,210,106,30.8,0.025,0.013,rms1,Rms1,HU4,rooms,housing,False,61,70,70,0.007,0.008,False,249334,3795,0.9,0.072,0.001,True,149,127.02755606560333,False,2.442622950819672,4.3158395487228205,False,0.018000000000000002,0.015264337522473748,False,-249124,3796.4800802848945,True,-4.699999999999999,1.3038404810405297,True
Um1zMg==,49,44,54.3,0.006,0.005,rms2,Rms2,HU4,rooms,housing,False,99,52,31.9,0.012,0.006,False,217843,3969,1.1,0.063,0.001,True,-50,68.11754546370561,False,-0.5050505050505051,0.5148952033088835,False,-0.006,0.0078102496759066544,False,-217794,3969.243882655738,True,-5.7,0.5099019513592785,True
Um1zMw==,689,204,18,0.081,0.024,rms3,Rms3,HU4,rooms,housing,True,534,168,19.1,0.064,0.02,True,858518,5824,0.4,0.247,0.002,True,155,264.27258654654287,False,0.2902621722846442,0.5574194282711864,False,0.017,0.031240998703626618,False,-857829,5827.571706980532,True,-16.6,2.4083189157584592,True
Um1zNA==,1660,310,11.4,0.195,0.036,rms4,Rms4,HU4,rooms,housing,True,1244,237,11.6,0.149,0.028,True,897981,5949,0.4,0.259,0.002,True,416,390.2166065148945,False,0.33440514469453375,0.3559891836406311,False,0.04600000000000001,0.045607017003965515,False,-896321,5957.071512077054,True,-6.400000000000002,3.6055512754639887,False
Um1zNQ==,1790,276,9.4,0.211,0.032,rms5,Rms5,HU4,rooms,housing,True,2314,290,7.6,0.278,0.034,True,575537,5417,0.6,0.166,0.002,True,-524,400.3448513469356,False,-0.226447709593777,0.15370285938452707,False,-0.06700000000000003,0.04669047011971501,False,-573747,5424.026640790032,True,4.4999999999999964,3.2062439083762797,False
Um1zNg==,2209,285,7.8,0.26,0.033,rms6,Rms6,HU4,rooms,housing,True,1690,245,8.8,0.203,0.029,True,333731,3968,0.7,0.096,0.001,True,519,375.8324094593227,False,0.3071005917159763,0.2536650090980599,False,0.056999999999999995,0.043931765272977596,False,-331522,3978.221838962729,True,16.4,3.301514803843836,True
Um1zNw==,827,163,12,0.097,0.019,rms7,Rms7,HU4,rooms,housing,True,1263,232,11.2,0.152,0.028,True,138753,2250,1,0.04,0.001,True,-436,283.5365937581955,False,-0.3452098178939034,0.17641641761075447,False,-0.05499999999999999,0.03383784863137727,False,-137926,2255.896495852591,True,5.700000000000001,1.9026297590440446,False
Um1zOA==,471,120,15.5,0.055,0.014,rms8,Rms8,HU4,rooms,housing,True,506,163,19.6,0.061,0.02,True,81508,1686,1.3,0.023,0.001,True,-35,202.4080037943164,False,-0.0691699604743083,0.38230031579759544,False,-0.005999999999999998,0.02441311123146741,False,-81037,1690.2650679701098,True,3.2,1.4035668847618201,False
Um1zOXBs,587,143,14.8,0.069,0.017,rms9pl,Rms9pl,HU4,rooms,housing,True,618,161,15.9,0.074,0.019,True,119149,2284,1.2,0.034,0.001,True,-31,215.3369452741447,False,-0.05016181229773463,0.3387823001782706,False,-0.0049999999999999906,0.025495097567963924,False,-118562,2288.472197777373,True,3.5,1.7029386365926402,False
Um50VmFjUnQ=,4.1,3.2,47.8,,,rntvacrt,RntVacRt,rate,housing_occupancy,housing,False,4.9,5.9,72.8,,,False,3.4,0.1,1.8,,,True,-0.8000000000000007,6.711929677819934,False,,,,,0.6999999999999997,3.2015621187164247,False,,
Um50VmFjVQ==,2370,351,9,0,0,rntvacu,RntVacU,RntVacRt,housing__special_variable,housing,True,2084,298,,0,0,False,2220132,6374,0.2,0,0,True,286,460.440006949874,False,0.13723608445297505,0.234119702638825,False,0,0,-2217762,6383.657023994945,True,0,0
Uk9jQ3NoUm50,2168,341,9.6,0,0,roccshrnt,ROcCshRnt,MdGR,housing__special_variable,housing,True,1769,0,,0,0,False,2064838,5484,0.2,0,0,True,399,341,False,0.2255511588468061,0.19276427360090448,False,0,0,-2062670,5494.591613577846,True,0,0
Uk9jSFUx,2274,342,9.1,0.292,0.043,rochu1,ROcHU1,OcHU2,housing_tenure,housing,True,1965,296,9.2,0.249,0.037,True,2124263,5727,0.2,0.673,0.002,True,309,452.3052066912341,False,0.15725190839694655,0.2463346933117783,False,0.04299999999999998,0.056727418414731334,False,-2121989,5737.202541308787,True,-38.10000000000001,4.304648650006176,True
Uk9jSFUy,2274,342,9.1,0,0,rochu2,ROcHU2,AvgHHSROc,housing__special_variable,housing,True,1965,296,,0,0,False,2124263,5727,0.2,0,0,True,309,452.3052066912341,False,0.15725190839694655,0.2463346933117783,False,0,0,-2121989,5737.202541308787,True,0,0
UlUxMDA=,0,0,,0,0,ru100,RU100,MdGR,housing__special_variable,housing,False,0,0,,0,0,False,3303,0,,0,0,False,0,0,0,,,,-3303,0,True,0,0
U01QMjB0MjQ=,709,170,14.6,0.205,0.046,smp20t24,SMP20t24,HUwMrtgEx,selected_monthly_owner_costs_as_a_percentage_of_household_income__smocapi_,housing,True,603,180,18.1,0.15,0.043,True,72514,1997,1.7,0.12,0.003,True,106,247.58836806279893,False,0.175787728026534,0.4501876631560434,False,0.05499999999999999,0.06296824596572466,False,-71805,2004.2227920069165,True,8.5,4.6097722286464435,False
U01QMjV0Mjk=,303,117,23.5,0.087,0.033,smp25t29,SMP25t29,HUwMrtgEx,selected_monthly_owner_costs_as_a_percentage_of_household_income__smocapi_,housing,False,593,168,17.2,0.148,0.04,True,59073,1739,1.8,0.098,0.003,True,-290,204.7266470198738,False,-0.48903878583473864,0.2447098192724479,False,-0.061,0.051855568649856694,False,-58770,1742.9314386974606,True,-1.1000000000000014,3.3136083051561784,False
U01QMzB0MzQ=,260,118,27.5,0.075,0.033,smp30t34,SMP30t34,HUwMrtgEx,selected_monthly_owner_costs_as_a_percentage_of_household_income__smocapi_,housing,False,291,112,23.5,0.072,0.027,False,45788,1550,2.1,0.076,0.002,True,-31,162.68988905276197,False,-0.10652920962199312,0.5316779854747689,False,0.0030000000000000027,0.04263801121065569,False,-45528,1554.485123762849,True,-0.09999999999999964,3.306055050963308,False
U01QMzVwbA==,1074,195,11.1,0.31,0.05,smp35pl,SMP35pl,HUwMrtgEx,selected_monthly_owner_costs_as_a_percentage_of_household_income__smocapi_,housing,True,1404,241,10.4,0.349,0.053,True,222341,3360,0.9,0.369,0.005,True,-330,310.0096772683072,False,-0.23504273504273504,0.19113239001878995,False,-0.03899999999999998,0.07286288492778749,False,-221267,3365.6537255041553,True,-5.899999999999999,5.024937810560445,False
U01QTnRD,8,13,98.8,,,smpntc,SMPNtC,NA,selected_monthly_owner_costs_as_a_percentage_of_household_income__smocapi_,housing,False,9,14,94.6,,,False,4149,433,6.3,,,True,-1,19.1049731745428,False,-0.1111111111111111,1.999580812647232,False,,,-4141,433.1951061588762,True,,
U01QVTIw,1119,213,11.5,0.323,0.055,smpu20,SMPU20,HUwMrtgEx,selected_monthly_owner_costs_as_a_percentage_of_household_income__smocapi_,housing,True,1128,214,11.5,0.281,0.048,True,203346,3579,1.1,0.337,0.004,True,-9,301.93542355940946,False,-0.007978723404255319,0.26660253936919326,False,0.04199999999999998,0.07300000000000001,False,-202227,3585.3326205527987,True,-1.3999999999999986,5.514526271584895,False
VmFjSFU=,703,217,18.8,0.083,0.026,vachu,VacHU,HU1,housing_occupancy,housing,True,423,156,22.5,0.051,0.019,False,318251,5990,1.1,0.092,0.002,True,280,267.25456029785533,False,0.6619385342789598,0.7992711595421205,False,0.03200000000000001,0.032202484376209234,False,-317548,5993.929345596259,True,-0.8999999999999986,2.6076809620810595,False
VmFjUm50,96,77,48.6,0,0,vacrnt,VacRnt,RntVacRt,housing__special_variable,housing,False,102,123,,0,0,False,75845,2336,1.9,0,0,True,-6,145.11374848717816,False,-0.058823529411764705,1.363078923988164,False,0,0,-75749,2337.268705134264,True,0,0
VmFjUm50Tk8=,0,0,,0,0,vacrntno,VacRntNO,VacRntNO,housing__special_variable,housing,False,17,30,,0,0,False,20024,1541,4.7,1,0,True,-17,30,False,-1,0,True,0,0,-20024,1541,True,-100,0,True
VmFjU2FsZQ==,120,84,42.4,0,0,vacsale,VacSale,HOVacRt,housing__special_variable,housing,False,158,90,,0,0,False,19658,1220,3.8,0,0,True,-38,123.10970717209915,False,-0.24050632911392406,0.685426620434651,False,0,0,-19538,1222.8883841136117,True,0,0
VmFjU29sZE5P,46,61,80.6,1,0,vacsoldno,VacSoldNO,VacSoldNO,housing__special_variable,housing,False,0,0,,0,0,False,16370,1296,4.8,1,0,True,46,61,False,0,,1,0,True,-16324,1297.4347767807058,True,0,0
VmhjbDFBdg==,2982,349,7.1,0.383,0.043,vhcl1av,Vhcl1Av,OcHU4,vehicles_available,housing,True,3048,300,6,0.386,0.036,True,999159,5652,0.3,0.317,0.002,True,-66,460.2184264020727,False,-0.021653543307086614,0.14960973867290703,False,-0.0030000000000000027,0.056080299571239806,False,-996177,5662.764784096193,True,6.599999999999998,4.304648650006176,False
VmhjbDJBdg==,2638,287,6.6,0.339,0.035,vhcl2av,Vhcl2Av,OcHU4,vehicles_available,housing,True,2916,304,6.3,0.369,0.037,True,337508,3439,0.6,0.107,0.001,True,-278,418.07296013973445,False,-0.0953360768175583,0.1363158191477402,False,-0.02999999999999997,0.05093132631298737,False,-334870,3450.9549403027563,True,23.200000000000006,3.5014282800023198,True
VmhjbDNwbEF2,1006,172,10.4,0.129,0.022,vhcl3plav,Vhcl3plAv,OcHU4,vehicles_available,housing,True,1144,219,11.6,0.145,0.027,True,95691,1932,1.2,0.03,0.001,True,-138,278.4690287985362,False,-0.12062937062937062,0.2257071740712476,False,-0.015999999999999986,0.034828149534535995,False,-94685,1939.6412039343772,True,9.9,2.2022715545545237,True
VmwxMDB0MTQ5,45,34,45.9,0.008,0.006,vl100t149,Vl100t149,OOcHU2,value,housing,False,,0,,0,0,False,20999,1137,3.3,0.02,0.001,True,,,,,0.008,0.006,False,-20954,1137.508241728384,True,-1.2,0.6082762530298219,False
VmwxNTB0MTk5,128,62,29.3,0.023,0.011,vl150t199,Vl150t199,OOcHU2,value,housing,False,,0,,0,0,False,27227,1150,2.6,0.026,0.001,True,,,,,0.023,0.011,False,-27099,1151.670091649514,True,-0.30000000000000027,1.104536101718726,False
VmwxbWlscGw=,92,72,47.7,0.017,0.013,vl1milpl,Vl1milpl,OOcHU2,value,housing,False,,0,,0,0,False,183739,2747,0.9,0.178,0.003,True,,,,,0.017,0.013,False,-183647,2747.943412808932,True,-16.1,1.3341664064126335,True
VmwyMDB0Mjk5,277,90,19.7,0.05,0.016,vl200t299,Vl200t299,OOcHU2,value,housing,True,,0,,0,0,False,74283,2064,1.7,0.072,0.002,True,,,,,0.05,0.016,True,-74006,2065.9612774686752,True,-2.1999999999999993,1.61245154965971,False
VmwzMDB0NDk5,2845,301,6.4,0.516,0.046,vl300t499,Vl300t499,OOcHU2,value,housing,True,,0,,0,0,False,268563,3469,0.8,0.261,0.003,True,,,,,0.516,0.046,True,-265718,3482.0341755933414,True,25.5,4.6097722286464435,True
Vmw1MDB0OTk5,1972,227,7,0.358,0.036,vl500t999,Vl500t999,OOcHU2,value,housing,True,,0,,0,0,False,406953,4178,0.6,0.395,0.003,True,,,,,0.358,0.036,True,-404981,4184.162162249451,True,-3.700000000000003,3.612478373637688,False
Vmw1MHQ5OQ==,39,39,60.8,0.007,0.007,vl50t99,Vl50t99,OOcHU2,value,housing,False,,0,,0,0,False,14611,902,3.8,0.014,0.001,True,,,,,0.007,0.007,False,-14572,902.8427327059791,True,-0.7000000000000001,0.7071067811865476,False
VmxVNTA=,117,62,32.1,0.021,0.011,vlu50,VlU50,OOcHU2,value,housing,False,,0,,0,0,False,33465,1442,2.6,0.032,0.001,True,,,,,0.021,0.011,False,-33348,1443.332255580814,True,-1.1,1.104536101718726,False
